# DESCRIPTION: Verilator output: Timestamp data for --skip-identical.  Delete at will.
C "--cc FlexDPU.v --exe FlexDPUTester.cpp --trace"
S   7892640   295213  1686568042   264856885  1598506306           0 "/usr/bin/verilator_bin"
S    644187  1318911  1701886917   243822617  1701886917   243822617 "FlexDPU.v"
T    273039  1333275  1701886922   775741647  1701886922   775741647 "obj_dir/VFlexDPU.cpp"
T     61071  1319158  1701886922   763741823  1701886922   763741823 "obj_dir/VFlexDPU.h"
T      1786  1335006  1701886922   951739070  1701886922   951739070 "obj_dir/VFlexDPU.mk"
T    412949  1367905  1701886922   951739070  1701886922   951739070 "obj_dir/VFlexDPU_Benes.cpp"
T      3829  1367903  1701886922   943739187  1701886922   943739187 "obj_dir/VFlexDPU_Benes.h"
T      3582  1367904  1701886922   943739187  1701886922   943739187 "obj_dir/VFlexDPU_Benes__Slow.cpp"
T    763056  1333731  1701886922   859740417  1701886922   859740417 "obj_dir/VFlexDPU_PathFinder.cpp"
T     31543  1333684  1701886922   775741647  1701886922   775741647 "obj_dir/VFlexDPU_PathFinder.h"
T    690173  1333733  1701886922   875740182  1701886922   875740182 "obj_dir/VFlexDPU_PathFinder__1.cpp"
T    809800  1333698  1701886922   807741178  1701886922   807741178 "obj_dir/VFlexDPU_PathFinder__1__Slow.cpp"
T    686943  1333735  1701886922   891739948  1701886922   891739948 "obj_dir/VFlexDPU_PathFinder__2.cpp"
T    809872  1333709  1701886922   823740944  1701886922   823740944 "obj_dir/VFlexDPU_PathFinder__2__Slow.cpp"
T    769470  1333849  1701886922   907739714  1701886922   907739714 "obj_dir/VFlexDPU_PathFinder__3.cpp"
T    809944  1333717  1701886922   839740710  1701886922   839740710 "obj_dir/VFlexDPU_PathFinder__3__Slow.cpp"
T    690331  1333851  1701886922   919739538  1701886922   919739538 "obj_dir/VFlexDPU_PathFinder__4.cpp"
T     26517  1333719  1701886922   839740710  1701886922   839740710 "obj_dir/VFlexDPU_PathFinder__4__Slow.cpp"
T    685225  1333856  1701886922   931739362  1701886922   931739362 "obj_dir/VFlexDPU_PathFinder__5.cpp"
T    614042  1334983  1701886922   943739187  1701886922   943739187 "obj_dir/VFlexDPU_PathFinder__6.cpp"
T    805954  1333690  1701886922   791741413  1701886922   791741413 "obj_dir/VFlexDPU_PathFinder__Slow.cpp"
T    160688  1332700  1701886922   767741764  1701886922   767741764 "obj_dir/VFlexDPU__Slow.cpp"
T      5744  1318910  1701886922   643743580  1701886922   643743580 "obj_dir/VFlexDPU__Syms.cpp"
T      2450  1319044  1701886922   643743580  1701886922   643743580 "obj_dir/VFlexDPU__Syms.h"
T    961899  1319084  1701886922   747742057  1701886922   747742057 "obj_dir/VFlexDPU__Trace.cpp"
T    736852  1319088  1701886922   763741823  1701886922   763741823 "obj_dir/VFlexDPU__Trace__1.cpp"
T    913493  1319048  1701886922   711742584  1701886922   711742584 "obj_dir/VFlexDPU__Trace__1__Slow.cpp"
T    710508  1318916  1701886922   727742350  1701886922   727742350 "obj_dir/VFlexDPU__Trace__2__Slow.cpp"
T   1303814  1319046  1701886922   691742877  1701886922   691742877 "obj_dir/VFlexDPU__Trace__Slow.cpp"
T       977  1335007  1701886922   951739070  1701886922   951739070 "obj_dir/VFlexDPU__ver.d"
T         0        0  1701886922   951739070  1701886922   951739070 "obj_dir/VFlexDPU__verFiles.dat"
T      2073  1334985  1701886922   951739070  1701886922   951739070 "obj_dir/VFlexDPU_classes.mk"
