# DESCRIPTION: Verilator output: Timestamp data for --skip-identical.  Delete at will.
C "--cc Matrix.v --exe matrixTester.cpp --trace"
S   7892640   295213  1686568042   264856885  1598506306           0 "/usr/bin/verilator_bin"
S   3318766  1519832  1702135602   916739799  1702135602   916739799 "Matrix.v"
T    804916  1519853  1702135618   735441028  1702135618   735441028 "obj_dir/VMatrix.cpp"
T    277082  1519850  1702135618   671389147  1702135618   671389147 "obj_dir/VMatrix.h"
T      1777  1519899  1702135619   636161637  1702135619   636161637 "obj_dir/VMatrix.mk"
T    681499  1519867  1702135619    95731580  1702135619    95731580 "obj_dir/VMatrix_PathFinder.cpp"
T     79461  1519857  1702135618   771470210  1702135618   771470210 "obj_dir/VMatrix_PathFinder.h"
T    742192  1519868  1702135619   111744322  1702135619   111744322 "obj_dir/VMatrix_PathFinder__1.cpp"
T    741536  1519877  1702135619   251855818  1702135619   251855818 "obj_dir/VMatrix_PathFinder__10.cpp"
T    933156  1519878  1702135619   267868561  1702135619   267868561 "obj_dir/VMatrix_PathFinder__11.cpp"
T    723053  1519879  1702135619   283881303  1702135619   283881303 "obj_dir/VMatrix_PathFinder__12.cpp"
T    746164  1519880  1702135619   303897231  1702135619   303897231 "obj_dir/VMatrix_PathFinder__13.cpp"
T    740025  1519881  1702135619   335922716  1702135619   335922716 "obj_dir/VMatrix_PathFinder__14.cpp"
T    933368  1519882  1702135619   375954572  1702135619   375954572 "obj_dir/VMatrix_PathFinder__15.cpp"
T    723137  1519883  1702135619   403976872  1702135619   403976872 "obj_dir/VMatrix_PathFinder__16.cpp"
T    746346  1519884  1702135619   444008728  1702135619   444008728 "obj_dir/VMatrix_PathFinder__17.cpp"
T    740025  1519885  1702135619   476034213  1702135619   476034213 "obj_dir/VMatrix_PathFinder__18.cpp"
T    933368  1519886  1702135619   520069254  1702135619   520069254 "obj_dir/VMatrix_PathFinder__19.cpp"
T   1445405  1519859  1702135618   863544788  1702135618   863544788 "obj_dir/VMatrix_PathFinder__1__Slow.cpp"
T    741222  1519869  1702135619   127757064  1702135619   127757064 "obj_dir/VMatrix_PathFinder__2.cpp"
T    723137  1519887  1702135619   556097925  1702135619   556097925 "obj_dir/VMatrix_PathFinder__20.cpp"
T    324621  1519888  1702135619   564104296  1702135619   564104296 "obj_dir/VMatrix_PathFinder__21.cpp"
T   1445405  1519860  1702135618   919590183  1702135618   919590183 "obj_dir/VMatrix_PathFinder__2__Slow.cpp"
T    931252  1519870  1702135619   147772992  1702135619   147772992 "obj_dir/VMatrix_PathFinder__3.cpp"
T   1445587  1519861  1702135618   967629093  1702135618   967629093 "obj_dir/VMatrix_PathFinder__3__Slow.cpp"
T    721199  1519871  1702135619   159782549  1702135619   159782549 "obj_dir/VMatrix_PathFinder__4.cpp"
T   1442087  1519862  1702135618   999655033  1702135618   999655033 "obj_dir/VMatrix_PathFinder__4__Slow.cpp"
T    742572  1519872  1702135619   175795292  1702135619   175795292 "obj_dir/VMatrix_PathFinder__5.cpp"
T   1442453  1519863  1702135619    27677423  1702135619    27677423 "obj_dir/VMatrix_PathFinder__5__Slow.cpp"
T    741497  1519873  1702135619   191808034  1702135619   191808034 "obj_dir/VMatrix_PathFinder__6.cpp"
T   1442453  1519864  1702135619    51696537  1702135619    51696537 "obj_dir/VMatrix_PathFinder__6__Slow.cpp"
T    931254  1519874  1702135619   207820777  1702135619   207820777 "obj_dir/VMatrix_PathFinder__7.cpp"
T   1442453  1519865  1702135619    79718837  1702135619    79718837 "obj_dir/VMatrix_PathFinder__7__Slow.cpp"
T    721298  1519875  1702135619   223833519  1702135619   223833519 "obj_dir/VMatrix_PathFinder__8.cpp"
T     75383  1519866  1702135619    79718837  1702135619    79718837 "obj_dir/VMatrix_PathFinder__8__Slow.cpp"
T    742578  1519876  1702135619   239846262  1702135619   239846262 "obj_dir/VMatrix_PathFinder__9.cpp"
T   1406246  1519858  1702135618   815505878  1702135618   815505878 "obj_dir/VMatrix_PathFinder__Slow.cpp"
T    606737  1519854  1702135618   747450755  1702135618   747450755 "obj_dir/VMatrix__1.cpp"
T    682226  1519852  1702135618   715424816  1702135618   715424816 "obj_dir/VMatrix__1__Slow.cpp"
T    541306  1519855  1702135618   763463725  1702135618   763463725 "obj_dir/VMatrix__2.cpp"
T    279495  1519856  1702135618   767466968  1702135618   767466968 "obj_dir/VMatrix__3.cpp"
T   1132882  1519851  1702135618   695408603  1702135618   695408603 "obj_dir/VMatrix__Slow.cpp"
T     10509  1519742  1702135618   207013017  1702135618   207013017 "obj_dir/VMatrix__Syms.cpp"
T      3746  1519835  1702135618   207013017  1702135618   207013017 "obj_dir/VMatrix__Syms.h"
T   1164970  1519844  1702135618   567304843  1702135618   567304843 "obj_dir/VMatrix__Trace.cpp"
T   1189951  1519845  1702135618   591324298  1702135618   591324298 "obj_dir/VMatrix__Trace__1.cpp"
T   2099097  1519837  1702135618   383155687  1702135618   383155687 "obj_dir/VMatrix__Trace__1__Slow.cpp"
T   1198804  1519846  1702135618   615343752  1702135618   615343752 "obj_dir/VMatrix__Trace__2.cpp"
T   2187690  1519838  1702135618   443204325  1702135618   443204325 "obj_dir/VMatrix__Trace__2__Slow.cpp"
T   1208676  1519847  1702135618   635359965  1702135618   635359965 "obj_dir/VMatrix__Trace__3.cpp"
T   1157870  1519839  1702135618   471227023  1702135618   471227023 "obj_dir/VMatrix__Trace__3__Slow.cpp"
T   1127724  1519848  1702135618   659379421  1702135618   659379421 "obj_dir/VMatrix__Trace__4.cpp"
T   1166748  1519840  1702135618   495246478  1702135618   495246478 "obj_dir/VMatrix__Trace__4__Slow.cpp"
T     28958  1519849  1702135618   659379421  1702135618   659379421 "obj_dir/VMatrix__Trace__5.cpp"
T   1180725  1519841  1702135618   519265933  1702135618   519265933 "obj_dir/VMatrix__Trace__5__Slow.cpp"
T   1108810  1519842  1702135618   543285388  1702135618   543285388 "obj_dir/VMatrix__Trace__6__Slow.cpp"
T     30967  1519843  1702135618   543285388  1702135618   543285388 "obj_dir/VMatrix__Trace__7__Slow.cpp"
T   2003057  1519836  1702135618   311097323  1702135618   311097323 "obj_dir/VMatrix__Trace__Slow.cpp"
T      2252  1519900  1702135619   636161637  1702135619   636161637 "obj_dir/VMatrix__ver.d"
T         0        0  1702135619   636161637  1702135619   636161637 "obj_dir/VMatrix__verFiles.dat"
T      2987  1519898  1702135619   636161637  1702135619   636161637 "obj_dir/VMatrix_classes.mk"
T    539420  1519892  1702135619   596129781  1702135619   596129781 "obj_dir/VMatrix_flexdpecom4.cpp"
T     13839  1519889  1702135619   564104296  1702135619   564104296 "obj_dir/VMatrix_flexdpecom4.h"
T    322418  1519893  1702135619   608139338  1702135619   608139338 "obj_dir/VMatrix_flexdpecom4__1.cpp"
T      8193  1519891  1702135619   580117038  1702135619   580117038 "obj_dir/VMatrix_flexdpecom4__1__Slow.cpp"
T    599992  1519890  1702135619   580117038  1702135619   580117038 "obj_dir/VMatrix_flexdpecom4__Slow.cpp"
T    476155  1519896  1702135619   636161637  1702135619   636161637 "obj_dir/VMatrix_stationary.cpp"
T     69142  1519894  1702135619   612142523  1702135619   612142523 "obj_dir/VMatrix_stationary.h"
T       199  1519897  1702135619   636161637  1702135619   636161637 "obj_dir/VMatrix_stationary__1.cpp"
T    305268  1519895  1702135619   624152080  1702135619   624152080 "obj_dir/VMatrix_stationary__Slow.cpp"
