# DESCRIPTION: Verilator output: Timestamp data for --skip-identical.  Delete at will.
C "--cc Top.v --exe TopTester.cpp --trace"
S   7892640   295213  1686568042   264856885  1598506306           0 "/usr/bin/verilator_bin"
S   3578487  1100095  1702237859   823542085  1702237859   823542085 "Top.v"
T    733547  1095955  1702237877   375160334  1702237877   375160334 "obj_dir/VTop.cpp"
T    433052  1095957  1702237877   279162422  1702237877   279162422 "obj_dir/VTop.h"
T      1750  1095958  1702237878   335139461  1702237878   335139461 "obj_dir/VTop.mk"
T    852784  1095960  1702237877   823150594  1702237877   823150594 "obj_dir/VTop_PathFinder.cpp"
T     71662  1095962  1702237877   467158334  1702237877   467158334 "obj_dir/VTop_PathFinder.h"
T    892758  1095964  1702237877   855149898  1702237877   855149898 "obj_dir/VTop_PathFinder__1.cpp"
T    895148  1115978  1702237878   131143896  1702237878   131143896 "obj_dir/VTop_PathFinder__10.cpp"
T    895148  1115987  1702237878   159143287  1702237878   159143287 "obj_dir/VTop_PathFinder__11.cpp"
T    895148  1115995  1702237878   187142679  1702237878   187142679 "obj_dir/VTop_PathFinder__12.cpp"
T    895148  1115998  1702237878   211142157  1702237878   211142157 "obj_dir/VTop_PathFinder__13.cpp"
T    895148  1115999  1702237878   243141461  1702237878   243141461 "obj_dir/VTop_PathFinder__14.cpp"
T    895148  1116000  1702237878   267140940  1702237878   267140940 "obj_dir/VTop_PathFinder__15.cpp"
T       190  1116001  1702237878   271140853  1702237878   271140853 "obj_dir/VTop_PathFinder__16.cpp"
T   1250442  1095967  1702237877   547156594  1702237877   547156594 "obj_dir/VTop_PathFinder__1__Slow.cpp"
T    893046  1095970  1702237877   891149114  1702237877   891149114 "obj_dir/VTop_PathFinder__2.cpp"
T   1250442  1095974  1702237877   587155725  1702237877   587155725 "obj_dir/VTop_PathFinder__2__Slow.cpp"
T    893046  1095978  1702237877   923148419  1702237877   923148419 "obj_dir/VTop_PathFinder__3.cpp"
T   1250442  1095981  1702237877   631154768  1702237877   631154768 "obj_dir/VTop_PathFinder__3__Slow.cpp"
T    893048  1095985  1702237877   947147897  1702237877   947147897 "obj_dir/VTop_PathFinder__4.cpp"
T   1247093  1115898  1702237877   671153898  1702237877   671153898 "obj_dir/VTop_PathFinder__4__Slow.cpp"
T    893050  1115945  1702237877   979147201  1702237877   979147201 "obj_dir/VTop_PathFinder__5.cpp"
T   1247540  1115902  1702237877   715152941  1702237877   715152941 "obj_dir/VTop_PathFinder__5__Slow.cpp"
T    893050  1115960  1702237878    11146505  1702237878    11146505 "obj_dir/VTop_PathFinder__6.cpp"
T   1247540  1115927  1702237877   747152246  1702237877   747152246 "obj_dir/VTop_PathFinder__6__Slow.cpp"
T    893050  1115962  1702237878    43145810  1702237878    43145810 "obj_dir/VTop_PathFinder__7.cpp"
T   1247540  1115932  1702237877   787151376  1702237877   787151376 "obj_dir/VTop_PathFinder__7__Slow.cpp"
T    894787  1115967  1702237878    75145114  1702237878    75145114 "obj_dir/VTop_PathFinder__8.cpp"
T     68974  1114776  1702237877   791151289  1702237877   791151289 "obj_dir/VTop_PathFinder__8__Slow.cpp"
T    894884  1115975  1702237878   103144506  1702237878   103144506 "obj_dir/VTop_PathFinder__9.cpp"
T   1210424  1095988  1702237877   499157638  1702237877   499157638 "obj_dir/VTop_PathFinder__Slow.cpp"
T    836494  1115823  1702237877   399159812  1702237877   399159812 "obj_dir/VTop__1.cpp"
T    596713  1115808  1702237877   335161204  1702237877   335161204 "obj_dir/VTop__1__Slow.cpp"
T   1087596  1115826  1702237877   431159116  1702237877   431159116 "obj_dir/VTop__2.cpp"
T    563857  1115822  1702237877   351160856  1702237877   351160856 "obj_dir/VTop__2__Slow.cpp"
T    780896  1115894  1702237877   455158595  1702237877   455158595 "obj_dir/VTop__3.cpp"
T    272487  1115897  1702237877   463158420  1702237877   463158420 "obj_dir/VTop__4.cpp"
T   1175768  1095992  1702237877   315161638  1702237877   315161638 "obj_dir/VTop__Slow.cpp"
T      9332  1095995  1702237876   603177120  1702237876   603177120 "obj_dir/VTop__Syms.cpp"
T      3418  1095997  1702237876   603177120  1702237876   603177120 "obj_dir/VTop__Syms.h"
T   1022625  1095999  1702237877   119165900  1702237877   119165900 "obj_dir/VTop__Trace.cpp"
T   1175365  1096002  1702237877   159165031  1702237877   159165031 "obj_dir/VTop__Trace__1.cpp"
T   2059976  1096005  1702237876   803172771  1702237876   803172771 "obj_dir/VTop__Trace__1__Slow.cpp"
T   1176353  1115696  1702237877   183164509  1702237877   183164509 "obj_dir/VTop__Trace__2.cpp"
T   1034321  1115680  1702237876   875171206  1702237876   875171206 "obj_dir/VTop__Trace__2__Slow.cpp"
T   1186469  1115700  1702237877   215163813  1702237877   215163813 "obj_dir/VTop__Trace__3.cpp"
T   1392533  1115689  1702237876   923170162  1702237876   923170162 "obj_dir/VTop__Trace__3__Slow.cpp"
T   1115111  1115765  1702237877   247163118  1702237877   247163118 "obj_dir/VTop__Trace__4.cpp"
T   1139483  1115691  1702237876   955169466  1702237876   955169466 "obj_dir/VTop__Trace__4__Slow.cpp"
T    459629  1115796  1702237877   259162856  1702237877   259162856 "obj_dir/VTop__Trace__5.cpp"
T   1143423  1115692  1702237876   987168770  1702237876   987168770 "obj_dir/VTop__Trace__5__Slow.cpp"
T   1160163  1115693  1702237877    27167901  1702237877    27167901 "obj_dir/VTop__Trace__6__Slow.cpp"
T   1102056  1115694  1702237877    63167118  1702237877    63167118 "obj_dir/VTop__Trace__7__Slow.cpp"
T    457757  1115695  1702237877    83166684  1702237877    83166684 "obj_dir/VTop__Trace__8__Slow.cpp"
T   1933456  1096008  1702237876   707174859  1702237876   707174859 "obj_dir/VTop__Trace__Slow.cpp"
T      1906  1096012  1702237878   335139461  1702237878   335139461 "obj_dir/VTop__ver.d"
T         0        0  1702237878   335139461  1702237878   335139461 "obj_dir/VTop__verFiles.dat"
T      2718  1096014  1702237878   335139461  1702237878   335139461 "obj_dir/VTop_classes.mk"
T    600455  1116009  1702237878   291140417  1702237878   291140417 "obj_dir/VTop_flexdpecom4.cpp"
T     16273  1116007  1702237878   271140853  1702237878   271140853 "obj_dir/VTop_flexdpecom4.h"
T    599763  1116010  1702237878   303140157  1702237878   303140157 "obj_dir/VTop_flexdpecom4__1.cpp"
T    600629  1116011  1702237878   319139809  1702237878   319139809 "obj_dir/VTop_flexdpecom4__2.cpp"
T    601491  1116012  1702237878   335139461  1702237878   335139461 "obj_dir/VTop_flexdpecom4__3.cpp"
T       191  1116013  1702237878   335139461  1702237878   335139461 "obj_dir/VTop_flexdpecom4__4.cpp"
T     16708  1116008  1702237878   271140853  1702237878   271140853 "obj_dir/VTop_flexdpecom4__Slow.cpp"
